49839
35249
52563
50564
39481
14162
41091
31082
16809
9775
17317
4107
47171
10484
37756
8734
56386
39310
20576
26551
22936
9874
21183
4984
15441
48418
8806
20158
2375
10604
20698
5863
25039
54510
30980
857
31503
20707
2759
11090
42240
49587
32469
22657
57642
27958
22938
29217
4812
36430
39514
63869
43799
37945
8536
6059
14660
20431
64491
2573
59655
31904
54026
17139
32654
3077
22459
52003
43206
40102
5010
62160
37300
24173
35320
10873
41532
4391
56274
37109
15882
57259
55902
59778
29401
8838
37413
60761
24356
59417
13241
22133
30860
54498
61505
18178
4777
8703
60201
26743
5660
20855
1019
327
35421
33918
41515
28201
52227
7994
15502
42722
14903
48215
26040
25618
6683
4358
16724
59017
884
48119
27650
30390
36798
34785
16914
18141
16858
10386
47509
10827
51507
10293
35924
27100
19890
40480
34279
8284
23164
26895
29802
55861
6697
20620
28329
31192
53483
29871
3079
34587
5394
25712
26713
25158
1543
43523
45978
17793
21071
30234
57823
26415
63404
44755
20184
59362
23115
10706
49228
56565
14962
27334
51226
49128
43079
19587
44790
47262
58563
29556
39291
42921
633
73
49020
62548
33322
27190
17888
585
23336
44168
31887
51863
14273
35945
1873
32307
55123
60814
24939
53871
50136
16208
31574
50494
60551
35810
8043
19730
27684
45270
49461
45418
17653
38843
14880
50122
16158
48836
20807
3851
15854
8530
18907
27419
18016
13893
53191
28569
25158
43768
41871
40546
26914
9669
16580
4713
14179
24109
15467
11651
50991
27512
20007
29457
4322
16678
24249
9293
17900
58149
50164
40765
25612
9835
11446
10676
57923
38402
549
4140
16811
54421
64901
37635
7071
6064
59105
26155
12761
61503
22393
52648
30015
52141
40673
3764
43743
34493
43587
53314
40066
9934
56631
36884
49486
46127
62163
55813
15372
8340
14054
61365
31949
50167
8684
58789
58582
61541
49646
27253
29278
22195
30142
56159
49026
58126
41652
32937
57873
36158
62992
48077
59793
36102
58872
10665
39766
62550
59831
45977
31581
56923
57535
56592
22645
61682
27514
17982
13531
42323
21205
527
5856
47453
15258
33904
47252
56588
46049
16234
12118
31649
35468
37077
3433
48567
26145
6424
38424
11755
49339
35877
55541
58427
1350
17040
47269
43472
13895
24551
26028
3924
43799
3893
58296
8119
25894
50511
4380
57470
52929
29817
63872
41932
24335
21509
12239
51008
22276
9127
34132
37430
14365
23245
52677
48549
37537
23389
59218
52350
42521
49759
62349
50431
3508
13114
26539
24151
19396
16607
16736
8759
42479
20031
32403
60482
1693
45775
49880
12615
53962
4832
33551
27318
7429
33890
55055
18353
53803
49625
16410
194
22955
46218
59995
34302
19735
1836
42207
42335
63654
8497
34788
43157
4978
60142
57852
64216
51643
31341
64196
57482
49370
22971
51984
10252
4755
28839
20351
32043
30753
55040
16646
62317
35576
28664
2031
46938
26109
19829
48855
12271
17499
33097
15616
16406
26342
23655
57289
41061
27952
47076
15065
19381
65346
62140
56150
53748
42981
59536
56643
45989
53323
33486
32827
4745
7303
17764
4977
28881
55138
40059
11629
38038
33620
57310
64381
8425
4267
17686
42216
1398
9683
260
63289
33069
35109
63253
22931
22575
15140
48521
62757
51598
34727
52635
1723
19088
5042
10804
59830
39721
14186
580
62668
14025
16244
6941
7728
50557
10759
36314
19548
6140
14676
26221
35776
32233
6690
28362
15786
17532
10636
14770
62120
50493
37650
53889
36892
17563
65524
12033
48792
40828
34120
8472
25194
22860
32404
30061
4752
29208
23127
46305
33148
47621
52233
36495
34782
21824
52927
55758
49443
19848
52345
55590
17695
25865
45809
35519
12098
42388
53037
24339
4945
10130
47151
17699
52994
20910
5650
9005
81
60774
39220
13712
50983
12646
23474
31146
61292
43452
16849
61998
37800
19164
50028
52281
12744
8279
5085
61975
55320
52843
36593
35046
57810
28460
2867
62231
58765
23732
35671
57718
17922
59914
19874
35169
58373
22643
26441
28375
61581
63211
42730
10025
54401
2517
2843
49853
43751
6575
35916
1074
20046
40259
39634
28588
32036
42587
34364
28619
61245
37837
359
5604
19107
41268
18996
16839
62395
4013
50120
37377
36484
11317
25023
20825
20746
33683
24949
32835
48093
33227
63292
4869
63759
44969
47014
58828
42683
58576
17385
49380
42103
33669
45921
63310
9278
7726
9787
47884
40232
28792
7670
41710
49548
6312
39574
8147
34862
62442
30385
47452
2632
60331
11228
63020
7099
42435
39893
20585
22737
11820
62590
42607
718
58103
31765
16271
37767
47858
29679
59450
60829
16584
10541
25917
35767
10190
20394
48711
62181
20823
27478
47582
60437
4519
4661
37715
62372
59010
25760
5090
50630
1878
7628
3463
43001
60476
60035
58951
54382
19898
21399
47096
22811
10200
64297
12651
33478
61310
25499
13349
4519
42478
6980
21538
37535
35712
21718
16277
15047
25813
30831
26960
3185
7371
38939
31737
12755
54753
25453
25753
50112
34707
58291
37484
24455
9178
5326
11986
20224
3759
10455
64700
48877
51536
46527
39239
51914
62835
12158
31197
36739
58844
22037
7438
8578
31215
51223
62690
9039
60760
53213
499
55741
1006
3626
28703
22251
49318
38900
46765
40721
56648
59905
22624
18087
64411
8825
55927
53786
2122
56004
32331
16727
18456
53537
46648
28119
53599
5557
54866
52856
53863
22704
43466
31155
35123
12911
2525
55978
36721
10800
24600
4322
27890
61275
54919
49845
57692
45981
29478
49358
8815
5315
12944
665
19356
15137
34605
41430
22088
8226
12272
50021
21406
44832
51808
5785
64082
11438
41371
24508
24445
1183
13590
36719
23277
33078
39152
15460
24706
42199
56406
2297
49661
18114
60250
65332
23365
63987
10002
15821
42672
11945
4761
17462
27590
25165
48263
44197
31062
14838
58452
28138
47050
45231
37006
42407
62175
26451
53186
4841
56909
59230
35029
35486
28626
51168
35499
55389
55012
2824
54353
20291
18129
24224
22791
15888
57430
49610
13406
4078
15094
14689
25836
65029
4553
61929
9553
17990
8872
25942
61101
9941
24132
47874
2693
48330
39844
48319
30531
1359
24181
62388
16418
58201
11621
3664
26987
18196
225
52515
15127
36861
35624
51775
12310
32034
21773
23741
44569
34983
48945
13353
6928
19093
551
37935
153
27564
59662
5161
60671
